Binary representation
001100000110100011100101110101100011000011001101000011110010100100011011111001011110100011011100
001100000010001110010110110100010010101001000111010100001001010010100000100000001010110100111011
001100000011100110110100111011000100110010011100001110000111001000001011010101011110101100111111
001100000001100100010111100100010000011001100111010001011110000000110011000110001010001110011001
001100001001100010111101010101110101011101011010000110100110010000110001010110100111110011001011
001100001010000001011010101001101011100111001000000000011000010101110110011010100101010101010011
001100000100100001001100111001001110110110011100010111100101011001001101010101010101110111100011
001100000001001011010100010010110100011100011010010101001001010001000110111110010000100000100101
001100000000101000100100100100011100100001101010001101100111011110011110110100011010111000001011
001100001000011011001000100100110100001011010000011000111001111010001111100011000000101001011101
001100001010100001101001111000111011011110101001111011101011100111101011000001011011011111111001
001100001001101110101001011000100000000010010001110001100101010101000101100110110101100100010001
001100000100001010011011000110100001111100011110101110011010011110100101010011110100000110000101
001100001111000110111000110000111110111100101100000000111101011101110111110001101001001110001001
001100001101100101101000001011000100010000001110100001010000101111101000011000101110010110100101
001100001000110001110010100101111010111010100110001111010010011110010001111100100111101011000011
001100001001100111010101110011001000101001010100010000101010000010011010100011011100101100101101
001100001001100000000110110111110001000110100111110011001000111111010000100110000000101001111001
001100000111011000111000101111001000101010011100111101000100010111110101100001110011101011100011
001100000110111010111000011100110101111101101000010010000010011011000000100111001011000011110101
001100000110001101001010011101010011010011101111001111001010111000100111100001101111011100010111
001100000000000000011101010100111011001000100011110011000000110010000100110000010100101010111101
001100001100011010010000010000000111111101000111001000011001000111001000001000110001000101001101
001100000001000111101101101111011100111010100111010111111111001001111011101111111011001000010111
001100000010111011011001000011110001000111110000010010000000110100101100101011000110101000011001
001100000000110011111101110111010101010010000101100011111101010000011100000011110000000110101011
001100001010110001010001011101111110101011101000110011110110001001110010001111100100101011010001
001100000111101110111011111101101000000010010100010110100010110101011001010110001101101100001101
001100000011001000101101011110100010110101011011100111000110111100111010001000110010001001000001
001100000010110110000010000001100101001010110000001100000110001110101111110001100101011100111001
001100001011100100011000000101011101010100101010110101010101110001100111011011110010010011010111
001100000010011001000110000111101100011100001110011011001000100100101010101001110100010101010111
001100000101101010110100011110010001001011101011110101100000010011111111111010100101000011100111
001100000101100110010010011110100100000110011000010010100111100101001110000001101011011010110001
001100001011000111110000111000101000100100101110010101011001000111010001001010110000111000011001
001100001110110110010011001011000101010111000100111111101011010101110001010011100000101111001101
001100000001101011101110101101011000010000010110001111101110011111101110100110011111011101111101
001100000010010100001100001011101010110010011110011011100100010010110011110101001001010001000101
001100001110011011001111011110001100000010000101000010000001111111010110011011000011110111010111
001100001101001000011011111101010011001001011100001111110000111011010110110110011100010101101001
001100000010010110011000111000111101010101010001000101111111011011001001100010011101110011101111
001100000100000101101111110101100100000110111100100110010110010111011111011100101101001011101111
001100000111100110110100010101110001010101011100011011110101100001001110011101111000101011000011
001100001110001010100110101100010010111101000110001100000110110011110011000011011101101101100011
001100000000000010100011101100010000001101000010101001100000110010011100001110011011011010001111
001100000011101000110010110001100000000101001110010110000001100111100000111111111110001100110111
001100001000100011111100111101011001010101010100111011000101010001000000100110100010010100111101
001100001001101101010110100010100100100011110000111011011011100101101111000000001011110011010001
001100000101100111010011110011001001100011100110010000101111011011001000000110111010000110111001
001100000011101011101101101100100101011111000101111110001100101111011011111001000010110100011011
001100001101001000010111001001100000101010101010010001010110100101010001010110000010101001100101
001100000001101010001011000110011000111000001100100001111000001100001101011111011001100100110101
001100000000000101110101100111101110100101110111001001010111000000010111101101001001010101110001
001100001011100101101110101010110001001001011100110010000000000101010000110100101011001100100101
001100001000111001110111100101010010111100111000001010100101010011110101010110111011011001100111
001100000101101010110000111011011000110110011111000000100000001101101110011100100001101110110111
001100000101101101011110100011101101110001011110101100101100000100100100111101101100110011001111
001100001101101111001100010111001101010110010100111110110100101111110000000101011100001101111010
001100001101010010000110110001010010101001011110110100001000011010111001101001111000001010000010
001100000110000010101001101000110100110111101001011101000000101001110000100011011101101101011010
001100001010010101010010000100000001011100010110100010000100000001001000000000011111110001111010
001100000010100000111100001000001001111110110111000001011111110011000011111101110100000010010110
001100000111101101111100001110000000010100110100101111111011111001100000110011010111110111110010
001100000101000000110001101101111111011010011010110101001001001111001001011100101110111001000010
001100000111101011100011011111100001000100000011011110111000110111010000001101010000101010010010
001100000001010010111101001100100010111110001001011110000111000100101111011001101011110111111110
001100000011011000100010001011010010011110110011000100111000000111000001110001101101100010100110
001100000101010011101001001001111010000110110111101010100001101101010110010001000110111100000110
001100001110110000110001001111111000011001100001001001111110101011001010000010011011110001010010
001100001111100111111011010001000100011001001010110011010011000011000011101011111110001111001010
001100001011000001101000100110111001000010001110100001010100100000100011101110111110010001011110
001100000110110011001110100010000100010010000110011000011101100001011011101000111000001010100110
001100001110011000100110100001101011001000111110001100010000100010010100011110101101000001110010
001100001101100111001111110001010001011111111111100001111001111000110110101110011110100111110010
001100000010101000100010100001100011001010111110101011011001010110000101001010111011001000100110
001100000100111100011010001100111101111010100101100111011010110110001101111100100110111100110110
001100000101001011101101100110000000001000001101011110100001011111010101100001110100110001111010
001100000110100001111011100111010010111110100000111010111011010011011001011101001100111001010110
001100001101101001110110001100100001011001101111000110101010011110011001111000110000001000110100
001100000101100100000100100001000001010111011101101000101011100101010000111100001011110011110100
001100000000001101111101100111100000111110001101010100001000110111001011011010010111110011101100
001100000010001010101010110011111101000100100110111100100000100011110110000111100010110110110100
001100000111000011111011001100000101110001001100001100111100000001001001000111010010001110010100
001100000011100101100000111000011001011010010111100011111101011100100011101000100010010101100100
001100001101001011010111001101111000110110010110111111100100100011010000100011111111101100101100
001100001000111101100101100000110111101100011001001101111010111111010000010001010110111100111100
001100000001011000001111110000011011110010100010010101011001110001110110100100011101110100001100
001100001000101000100001110010100000010101111010010111000011010111010110111111110010100010101100
001100000000111011110000010111000111111011111000010111010101001110101001111110011010101010100100
001100000101101001101001100101000100001000101100010000001111000101101010100111101101111110011000
001100000000011000111101011111101110010111011101001101001100100011010100110001010010111101011000
001100000011100001100001111011100001010001011011000101111010010111101100001011100110000000001000
001100001101000010110001101000101111000100001011000000011010010011001010100000010000001010111000
001100001001100101010010110101111000001111111010100101010111001010101100011011100010111010101000
001100001111100100110011111100011110010111011011000100010000001001101011011111000100000011111000
001100000011010011010001111111011001010010100100111100100111011111011110100010111110100000111000
001100000000100100011000101100100101100001010011010111110110000101110011100111100010010001010000
001100001111100101100001000111100110010110000001100011001111010101110110010100111011010111100000
001100000100111011101100011011100101101010110000010111111000101011011001001011011010111101100000
001100000100000100000001100100111010000101000000010101011001001101101100101000110101011011100000
001100001000000100100001100011111001001101110111010010000110011110100011000100011011110001000000
